0 28 31 28 22 36 50 67 40 74
28 0 31 40 41 64 74 80 63 101
31 31 0 14 53 53 53 50 42 83
28 40 14 0 50 41 39 41 28 69
22 41 53 50 0 40 61 86 53 78
36 64 53 41 40 0 24 58 22 39
50 74 53 39 61 24 0 37 11 30
67 80 50 41 86 58 37 0 36 60
40 63 42 28 53 22 11 36 0 41
74 101 83 69 78 39 30 60 41 0